t.p
30 283
77 293
88 282
85 180
85 172
125 117
145 99
151 99
240 59
276 14
350 74
351 77
369 113
386 130
end
30 283
31 283
32 283
33 283
34 284
35 284
36 284
37 284
38 284
39 285
40 285
41 285
42 285
43 285
44 286
45 286
46 286
47 286
48 287
49 287
50 287
51 287
52 287
53 288
54 288
55 288
56 288
57 288
58 289
59 289
60 289
61 289
62 289
58 288
57 289
63 290
58 290
64 290
59 290
65 290
60 290
66 290
61 290
67 290
63 289
62 290
68 291
63 291
69 291
64 291
70 291
65 291
71 291
66 291
72 292
68 290
67 291
73 292
68 292
74 292
69 292
75 292
70 292
76 292
72 291
71 292
77 293
72 293
78 294
79 293
80 292
80 291
81 290
82 289
83 288
84 287
85 286
86 285
87 284
88 283
82 288
83 287
88 282
89 281
89 280
89 279
89 278
89 277
89 282
89 276
91 281
89 283
90 281
89 275
92 280
91 280
90 280
89 274
92 279
91 279
90 279
88 273
92 278
91 278
90 278
88 272
93 277
92 277
91 277
90 277
88 271
93 276
92 276
91 276
90 276
88 270
93 275
92 275
91 275
90 275
88 269
93 274
92 274
91 274
90 274
88 268
92 273
88 277
91 273
88 276
90 273
88 275
89 273
88 274
88 267
92 272
91 272
90 272
89 272
88 266
92 271
91 271
90 271
89 271
88 265
92 270
91 270
90 270
89 270
88 264
92 269
91 269
90 269
89 269
88 263
92 268
91 268
90 268
89 268
88 262
92 267
91 267
90 267
89 267
88 261
92 266
91 266
90 266
89 266
88 260
92 265
91 265
90 265
89 265
88 259
92 264
91 264
90 264
89 264
88 258
92 263
91 263
90 263
89 263
88 257
92 262
91 262
90 262
89 262
87 262
88 256
92 261
91 261
90 261
89 261
86 261
87 261
88 255
92 260
91 260
90 260
89 260
85 260
86 260
87 260
88 254
92 259
91 259
90 259
89 259
85 259
86 259
87 259
88 253
93 258
92 258
91 258
90 258
89 258
84 258
85 258
86 258
87 258
88 252
93 257
92 257
91 257
90 257
89 257
83 257
84 257
85 257
86 257
87 257
88 251
93 256
92 256
91 256
90 256
89 256
83 256
84 256
85 256
86 256
87 256
88 250
93 255
92 255
91 255
90 255
89 255
82 255
88 249
83 255
84 255
85 255
86 255
87 255
93 254
92 254
91 254
90 254
89 254
82 254
88 248
83 254
84 254
85 254
86 254
87 254
93 253
92 253
91 253
90 253
89 253
82 253
88 247
83 253
84 253
85 253
86 253
87 253
93 252
92 252
91 252
90 252
89 252
82 252
88 246
83 252
84 252
85 252
86 252
87 252
93 251
92 251
91 251
90 251
89 251
81 251
88 244
82 251
88 245
83 251
84 251
85 251
86 251
87 251
87 245
93 250
92 250
91 250
90 250
89 250
80 250
88 242
81 250
88 243
82 250
83 250
84 250
85 250
86 250
87 250
87 244
93 249
92 249
91 249
90 249
89 249
80 249
88 241
81 249
82 249
83 249
84 249
85 249
86 249
87 249
87 243
94 248
93 248
92 248
91 248
90 248
89 248
79 248
88 239
80 248
88 240
81 248
82 248
83 248
84 248
85 248
86 248
87 248
87 242
94 247
93 247
92 247
91 247
90 247
89 247
79 247
88 238
80 247
81 247
82 247
83 247
84 247
85 247
86 247
87 247
87 241
94 246
93 246
92 246
91 246
90 246
89 246
78 246
88 236
79 246
88 237
80 246
81 246
82 246
83 246
84 246
85 246
86 246
87 246
87 240
93 245
92 245
91 245
90 245
89 245
77 245
87 235
78 245
87 236
79 245
87 237
80 245
87 238
81 245
87 239
82 245
83 245
84 245
85 245
86 245
93 244
92 244
91 244
90 244
89 244
77 244
87 234
78 244
79 244
80 244
81 244
82 244
83 244
84 244
85 244
86 244
93 243
92 243
91 243
90 243
89 243
77 243
87 233
78 243
79 243
80 243
81 243
82 243
83 243
84 243
85 243
86 243
93 242
92 242
91 242
90 242
89 242
77 242
87 232
78 242
79 242
80 242
81 242
82 242
83 242
84 242
85 242
86 242
94 241
93 241
92 241
91 241
90 241
89 241
77 241
87 231
78 241
79 241
80 241
81 241
82 241
83 241
84 241
85 241
86 241
94 240
93 240
92 240
91 240
90 240
89 240
77 240
87 230
78 240
79 240
80 240
81 240
82 240
83 240
84 240
85 240
86 240
94 239
93 239
92 239
91 239
90 239
89 239
77 239
87 229
78 239
79 239
80 239
81 239
82 239
83 239
84 239
85 239
86 239
94 238
93 238
92 238
91 238
90 238
89 238
77 238
87 228
78 238
79 238
80 238
81 238
82 238
83 238
84 238
85 238
86 238
94 237
93 237
92 237
91 237
90 237
89 237
77 237
87 227
78 237
79 237
80 237
81 237
82 237
83 237
84 237
85 237
86 237
93 236
92 236
91 236
90 236
89 236
77 236
87 226
78 236
79 236
80 236
81 236
82 236
83 236
84 236
85 236
86 236
93 235
92 235
91 235
90 235
89 235
88 235
77 235
87 225
78 235
79 235
80 235
81 235
82 235
83 235
84 235
85 235
86 235
93 234
92 234
91 234
90 234
89 234
88 234
77 234
87 224
78 234
79 234
80 234
81 234
82 234
83 234
84 234
85 234
86 234
92 233
91 233
90 233
89 233
88 233
77 233
87 223
78 233
79 233
80 233
81 233
82 233
83 233
84 233
85 233
86 233
92 232
91 232
90 232
89 232
88 232
77 232
87 222
78 232
79 232
80 232
81 232
82 232
83 232
84 232
85 232
86 232
92 231
91 231
90 231
89 231
88 231
77 231
87 221
78 231
79 231
80 231
81 231
82 231
83 231
84 231
85 231
86 231
91 230
90 230
89 230
88 230
77 230
87 220
78 230
79 230
80 230
81 230
82 230
83 230
84 230
85 230
86 230
91 229
90 229
89 229
88 229
77 229
87 219
78 229
79 229
80 229
81 229
82 229
83 229
84 229
85 229
86 229
91 228
90 228
89 228
88 228
77 228
87 218
78 228
79 228
80 228
81 228
82 228
83 228
84 228
85 228
86 228
91 227
90 227
89 227
88 227
77 227
87 217
78 227
79 227
80 227
81 227
82 227
83 227
84 227
85 227
86 227
91 226
90 226
89 226
88 226
77 226
87 216
78 226
79 226
80 226
81 226
82 226
83 226
84 226
85 226
86 226
91 225
90 225
89 225
88 225
77 225
87 215
78 225
79 225
80 225
81 225
82 225
83 225
84 225
85 225
86 225
91 224
90 224
89 224
88 224
77 224
87 214
78 224
79 224
80 224
81 224
82 224
83 224
84 224
85 224
86 224
91 223
90 223
89 223
88 223
77 223
87 213
78 223
79 223
80 223
81 223
82 223
83 223
84 223
85 223
86 223
86 217
91 222
90 222
89 222
88 222
77 222
87 212
78 222
79 222
80 222
81 222
82 222
83 222
84 222
85 222
86 222
86 216
92 221
91 221
90 221
89 221
88 221
77 221
87 211
78 221
79 221
80 221
81 221
82 221
83 221
84 221
85 221
86 221
86 215
92 220
91 220
90 220
89 220
88 220
77 220
87 210
78 220
79 220
80 220
81 220
82 220
83 220
84 220
85 220
86 220
86 214
91 219
90 219
89 219
88 219
77 219
87 209
78 219
79 219
80 219
81 219
82 219
83 219
84 219
85 219
86 219
86 213
91 218
90 218
89 218
88 218
78 218
79 218
80 218
81 218
82 218
83 218
84 218
85 218
86 218
86 212
90 217
89 217
88 217
77 217
86 208
78 217
86 209
79 217
86 210
80 217
86 211
81 217
82 217
83 217
84 217
85 217
91 216
90 216
89 216
88 216
77 216
86 207
78 216
79 216
80 216
81 216
82 216
83 216
84 216
85 216
91 215
90 215
89 215
88 215
77 215
86 206
78 215
79 215
80 215
81 215
82 215
83 215
84 215
85 215
90 214
89 214
88 214
77 214
86 205
78 214
79 214
80 214
81 214
82 214
83 214
84 214
85 214
90 213
89 213
88 213
78 213
79 213
80 213
81 213
82 213
83 213
84 213
85 213
90 212
89 212
88 212
78 212
86 204
79 212
80 212
81 212
82 212
83 212
84 212
85 212
90 211
89 211
88 211
78 211
86 203
79 211
80 211
81 211
82 211
83 211
84 211
85 211
90 210
89 210
88 210
78 210
86 202
79 210
80 210
81 210
82 210
83 210
84 210
85 210
90 209
89 209
88 209
79 209
80 209
81 209
82 209
83 209
84 209
85 209
90 208
89 208
88 208
87 208
79 208
86 201
80 208
81 208
82 208
83 208
84 208
85 208
90 207
89 207
88 207
87 207
78 207
86 199
79 207
86 200
80 207
81 207
82 207
83 207
84 207
85 207
90 206
89 206
88 206
87 206
79 206
80 206
81 206
82 206
83 206
84 206
85 206
90 205
89 205
88 205
87 205
79 205
86 198
80 205
81 205
82 205
83 205
84 205
85 205
90 204
89 204
88 204
87 204
79 204
86 197
80 204
81 204
82 204
83 204
84 204
85 204
89 203
88 203
87 203
79 203
86 196
80 203
81 203
82 203
83 203
84 203
85 203
90 202
89 202
88 202
87 202
79 202
86 195
80 202
81 202
82 202
83 202
84 202
85 202
90 201
89 201
88 201
87 201
79 201
86 194
80 201
81 201
82 201
83 201
84 201
85 201
89 200
88 200
87 200
80 200
81 200
82 200
83 200
84 200
85 200
89 199
88 199
87 199
80 199
86 193
81 199
82 199
83 199
84 199
85 199
89 198
88 198
87 198
80 198
86 192
81 198
82 198
83 198
84 198
85 198
89 197
88 197
87 197
81 197
82 197
83 197
84 197
85 197
86 191
89 196
88 196
87 196
81 196
82 196
83 196
84 196
85 196
85 190
89 195
88 195
87 195
81 195
86 190
82 195
83 195
84 195
85 195
85 189
90 194
89 194
88 194
87 194
81 194
86 189
82 194
83 194
84 194
85 194
85 188
89 193
88 193
87 193
81 193
86 188
82 193
83 193
84 193
85 193
85 187
89 192
88 192
87 192
81 192
86 187
82 192
83 192
84 192
85 192
85 186
89 191
88 191
87 191
81 191
86 186
82 191
83 191
84 191
85 191
85 185
87 190
81 190
82 190
83 190
84 190
85 184
87 189
81 189
82 189
83 189
84 189
85 183
87 188
81 188
82 188
83 188
84 188
85 182
82 187
83 187
84 187
85 181
81 186
82 186
83 186
84 186
85 180
86 185
81 185
82 185
83 185
84 185
85 179
82 184
83 184
84 184
85 178
82 183
83 183
84 183
85 177
83 182
84 182
85 176
83 181
84 181
85 175
82 180
83 180
84 180
85 174
83 179
84 179
85 173
84 178
85 172
86 171
86 170
87 169
88 168
89 167
84 172
85 171
89 166
90 165
87 170
85 170
86 169
91 164
88 169
87 168
92 163
89 168
86 168
88 166
88 167
92 162
90 167
87 167
89 165
93 161
90 166
87 166
89 164
94 160
91 165
88 165
90 163
90 164
95 159
92 164
91 162
91 163
95 158
93 163
92 161
96 157
93 162
90 162
92 160
97 156
94 161
91 161
93 159
93 160
97 155
95 160
94 158
94 159
98 154
97 159
95 161
96 159
95 157
99 153
97 158
96 158
93 158
95 156
100 152
98 157
97 157
94 157
96 155
96 156
100 151
99 156
98 156
97 154
101 150
99 155
98 155
95 155
97 153
102 149
100 154
99 154
96 154
98 152
98 153
103 148
101 153
100 153
99 151
99 152
103 147
102 152
101 152
100 150
104 146
102 151
101 151
98 151
100 149
105 145
103 150
102 150
99 150
101 148
101 149
106 144
104 149
103 149
102 147
102 148
106 143
105 148
104 148
103 146
107 142
105 147
104 147
101 147
103 145
108 141
106 146
105 146
102 146
104 144
104 145
109 140
107 145
106 145
105 143
105 144
109 139
108 144
107 144
106 142
110 138
108 143
107 143
104 143
106 141
111 137
110 142
109 142
108 142
105 142
107 140
107 141
111 136
111 141
110 141
109 141
108 139
108 140
112 135
112 140
109 143
111 140
110 140
109 138
113 134
111 139
110 139
107 139
109 137
114 133
112 138
111 138
108 138
110 136
110 137
114 132
114 137
113 137
112 137
111 135
115 131
114 136
113 136
112 136
109 136
111 134
116 130
115 135
114 135
113 135
110 135
112 133
112 134
117 129
116 134
115 134
114 134
113 132
113 133
117 128
116 133
115 133
114 131
118 127
117 132
116 132
115 132
112 132
114 130
119 126
118 131
117 131
116 131
113 131
115 129
115 130
120 125
118 130
117 130
116 128
116 129
120 124
119 129
118 129
117 127
121 123
119 128
118 128
115 128
117 126
122 122
120 127
119 127
116 127
118 125
118 126
122 121
121 126
120 126
119 124
119 125
123 120
122 125
121 125
124 119
122 124
121 124
120 123
125 118
123 123
122 123
121 122
125 117
123 122
126 116
127 115
128 115
129 114
130 113
126 117
125 116
131 112
132 111
133 110
135 108
136 107
137 106
138 106
139 105
140 104
141 103
142 102
143 101
144 100
145 99
146 98
147 98
148 98
149 98
150 99
151 99
152 100
147 97
153 99
148 99
148 97
154 98
149 99
150 98
149 97
155 98
150 100
156 97
151 101
152 99
151 100
151 98
157 97
154 100
152 102
153 100
152 101
158 96
155 99
153 101
154 99
153 98
159 96
156 98
154 97
160 95
157 98
155 100
155 97
161 95
158 97
156 99
156 96
162 95
159 97
157 99
157 96
163 94
160 96
158 98
158 95
164 94
161 96
159 98
159 95
165 93
160 97
160 94
166 93
163 95
161 97
161 94
167 92
164 95
162 97
162 96
162 94
168 92
165 94
163 96
163 93
169 91
166 94
164 96
164 93
170 91
167 93
165 95
165 92
171 90
168 93
166 95
166 92
172 90
169 92
167 94
167 91
173 89
170 92
168 94
168 91
174 89
171 91
169 93
169 90
175 89
172 91
170 93
170 90
176 88
173 90
171 92
171 89
177 88
174 90
172 92
172 89
178 87
173 91
173 88
179 87
176 89
174 91
174 88
180 86
177 89
175 91
175 90
175 88
181 86
178 88
176 90
176 87
182 85
179 88
177 90
177 87
183 85
180 87
178 89
178 86
184 84
181 87
179 89
179 86
185 84
182 86
180 88
180 85
186 83
183 86
181 88
181 85
187 83
184 85
182 87
182 84
188 83
185 85
183 87
183 84
189 82
186 84
184 86
184 83
190 82
187 84
185 86
185 83
191 81
186 85
186 82
192 81
189 83
187 85
187 82
193 80
190 83
188 85
188 84
188 82
194 80
191 82
189 84
189 81
195 79
192 82
190 84
190 81
196 79
193 81
191 83
191 80
197 78
194 81
192 83
192 80
198 78
195 80
193 82
193 79
199 77
196 80
194 82
194 79
200 77
197 79
195 81
195 78
201 77
198 79
196 81
196 78
202 76
199 78
197 80
197 77
203 76
200 78
198 80
198 77
204 75
199 79
199 76
205 75
202 77
200 79
200 76
206 74
203 77
201 79
201 78
201 76
207 74
204 76
202 78
202 75
208 73
205 76
203 78
203 75
209 73
210 72
211 72
212 71
213 71
214 71
215 70
216 70
217 69
218 69
219 68
220 68
221 67
222 67
223 66
224 66
225 65
226 65
227 65
228 64
229 64
230 63
231 63
232 62
233 62
234 61
235 61
236 60
237 60
238 59
239 59
240 59
241 58
241 57
242 56
243 55
244 54
245 53
245 52
246 51
247 50
248 49
249 48
249 47
250 46
251 45
252 44
253 43
253 42
254 41
255 40
256 39
257 38
257 37
258 36
259 35
260 34
261 33
261 32
262 31
263 30
264 29
265 28
265 27
266 26
267 25
268 24
269 23
269 22
270 21
271 20
272 19
273 18
273 17
274 16
275 15
276 14
277 13
278 14
279 15
280 16
281 16
282 17
283 18
284 19
285 20
286 20
287 21
288 22
289 23
290 24
291 25
292 25
293 26
294 27
295 28
296 29
297 30
298 30
299 31
300 32
301 33
302 34
303 35
304 35
305 36
306 37
307 38
308 39
309 40
310 40
311 41
312 42
313 43
314 44
315 45
316 45
317 46
318 47
319 48
320 49
321 50
322 50
323 51
324 52
325 53
326 54
327 54
328 55
329 56
330 57
331 58
332 59
333 59
334 60
335 61
336 62
337 63
338 64
339 64
340 65
341 66
342 67
343 68
344 69
345 69
346 70
347 71
348 72
349 73
350 74
351 75
351 76
351 77
352 78
352 79
353 80
353 81
354 82
354 83
355 84
355 85
356 86
356 87
357 88
357 89
358 90
358 91
359 92
359 93
360 94
360 95
361 96
361 97
362 98
358 93
362 99
359 94
360 93
363 100
359 95
363 101
360 96
361 95
364 102
359 97
360 97
364 103
360 98
362 96
361 98
362 97
365 104
360 99
361 99
365 105
361 100
363 98
362 100
363 99
366 106
361 101
362 101
366 107
362 102
364 100
363 102
364 101
367 108
362 103
363 103
367 109
363 104
365 102
364 104
365 103
368 110
363 105
364 105
368 111
364 106
366 104
365 106
366 105
369 112
364 107
365 107
369 113
365 108
367 106
366 108
367 107
370 114
365 109
366 109
371 115
367 110
368 109
372 116
373 117
374 118
375 119
376 120
377 121
378 122
379 123
380 124
381 125
382 126
383 127
384 128
385 129
