t.p
1 89
5 91
8 92
24 137
39 146
39 163
43 194
42 197
62 237
69 237
72 240
75 243
81 271
76 280
76 285
56 308
61 316
52 329
50 335
50 336
47 350
68 341
75 346
56 399
end
1 89
0 89
1 90
2 89
1 88
2 90
2 91
3 90
3 91
4 90
3 89
4 91
4 92
5 91
5 89
5 90
6 91
5 92
6 92
7 92
6 93
7 91
8 92
7 93
8 94
8 93
10 92
8 90
9 92
8 91
9 93
9 94
10 93
10 94
10 95
11 94
9 95
10 96
11 95
9 96
10 97
11 96
11 97
11 98
12 97
10 98
11 99
12 98
10 99
11 100
12 99
12 100
12 101
13 100
11 101
12 102
13 101
11 102
12 103
13 102
13 103
13 104
14 103
12 104
13 105
14 104
12 105
13 106
14 105
14 106
14 107
15 106
13 107
14 108
15 107
13 108
14 109
15 108
15 109
15 110
16 109
14 110
15 111
16 110
14 111
15 112
16 111
16 112
16 113
17 112
15 113
16 114
17 113
15 114
16 115
17 114
17 115
17 116
18 115
16 116
17 117
18 116
16 117
17 118
18 117
18 118
18 119
19 118
17 119
18 120
19 119
17 120
18 121
19 120
19 121
19 122
20 121
18 122
19 123
20 122
18 123
19 124
20 123
20 124
20 125
21 124
19 125
20 126
21 125
19 126
20 127
21 126
21 127
21 128
22 127
20 128
21 129
22 128
20 129
21 130
22 129
22 130
22 131
23 130
21 131
22 132
23 131
21 132
22 133
23 132
23 133
23 134
24 133
22 134
23 135
24 134
22 135
23 136
24 135
24 136
24 137
25 136
22 137
23 137
26 137
24 139
25 137
24 138
25 138
26 138
25 139
26 139
27 139
26 140
27 140
28 140
27 141
28 139
29 140
28 141
29 141
30 141
29 142
30 140
31 141
30 142
31 142
32 142
31 143
32 141
33 142
32 143
33 143
34 143
33 144
34 142
35 143
34 144
35 144
36 144
35 145
36 143
37 144
36 145
37 145
38 145
37 146
38 144
39 145
38 146
39 146
40 146
39 147
40 147
41 147
40 148
39 148
37 148
38 148
39 149
37 149
38 149
41 149
39 151
40 149
39 150
37 150
38 150
41 150
39 152
40 150
37 151
38 151
41 151
39 153
40 151
37 152
38 152
41 152
39 154
40 152
37 153
38 153
41 153
39 155
40 153
37 154
38 154
41 154
39 156
40 154
37 155
38 155
41 155
39 157
40 155
37 156
38 156
41 156
39 158
40 156
37 157
38 157
41 157
39 159
40 157
37 158
38 158
41 158
39 160
40 158
36 159
37 159
38 159
41 159
39 161
40 159
36 160
37 160
38 160
41 160
39 162
40 160
36 161
37 161
38 161
42 161
39 164
41 161
39 163
40 161
37 162
38 162
41 162
40 162
36 163
37 163
38 163
41 163
39 165
40 163
36 164
37 164
38 164
41 164
39 166
40 164
36 165
37 165
38 165
41 165
39 167
40 165
36 166
37 166
38 166
42 166
39 169
41 166
39 168
40 166
40 167
36 167
37 167
38 167
43 167
40 170
42 167
40 169
41 167
40 168
36 168
37 168
38 168
43 168
40 171
42 168
41 168
36 169
37 169
38 169
43 169
40 172
42 169
41 169
36 170
37 170
38 170
39 170
43 170
40 173
42 170
41 170
36 171
37 171
38 171
39 171
43 171
40 174
42 171
41 171
36 172
37 172
38 172
39 172
43 172
40 175
42 172
41 172
36 173
37 173
38 173
39 173
43 173
40 176
42 173
41 173
36 174
37 174
38 174
39 174
44 174
40 178
43 174
40 177
42 174
41 174
36 175
37 175
38 175
39 175
44 175
40 179
43 175
42 175
41 175
41 176
37 176
38 176
39 176
45 176
41 180
44 176
41 179
43 176
41 178
42 176
41 177
37 177
38 177
39 177
45 177
41 181
44 177
43 177
42 177
37 178
38 178
39 178
45 178
41 182
44 178
43 178
42 178
37 179
38 179
39 179
45 179
41 183
44 179
43 179
42 179
37 180
38 180
39 180
40 180
45 180
41 184
44 180
43 180
42 180
37 181
38 181
39 181
40 181
45 181
41 185
44 181
43 181
42 181
37 182
38 182
39 182
40 182
45 182
41 186
44 182
43 182
42 182
37 183
38 183
39 183
40 183
45 183
41 187
44 183
43 183
42 183
37 184
38 184
39 184
40 184
45 184
41 188
44 184
43 184
42 184
42 185
38 185
39 185
40 185
46 185
42 189
45 185
42 188
44 185
42 187
43 185
42 186
38 186
39 186
40 186
46 186
42 190
45 186
44 186
43 186
38 187
39 187
40 187
46 187
42 191
45 187
44 187
43 187
38 188
39 188
40 188
46 188
42 192
45 188
44 188
43 188
38 189
39 189
40 189
41 189
46 189
42 193
45 189
44 189
43 189
38 190
39 190
40 190
41 190
46 190
42 194
45 190
44 190
43 190
38 191
39 191
40 191
41 191
46 191
42 195
45 191
44 191
43 191
38 192
39 192
40 192
41 192
46 192
42 196
45 192
44 192
43 192
43 193
39 193
40 193
41 193
47 193
43 197
46 193
43 196
45 193
43 195
44 193
43 194
39 194
40 194
41 194
47 194
43 198
46 194
45 194
44 194
39 195
40 195
41 195
47 195
43 199
46 195
45 195
44 195
39 196
40 196
41 196
45 196
42 199
44 196
42 198
42 197
39 197
42 200
40 197
41 197
45 197
44 197
41 198
43 200
45 198
44 198
44 199
44 200
44 201
45 200
43 201
44 202
45 201
45 202
45 203
46 202
44 203
45 204
46 203
46 204
46 205
47 204
45 205
46 206
47 205
47 206
47 207
48 206
46 207
47 208
48 207
48 208
48 209
49 208
47 209
48 210
49 209
49 210
49 211
50 210
48 211
49 212
50 211
50 212
50 213
51 212
49 213
50 214
51 213
51 214
51 215
52 214
50 215
51 216
52 215
52 216
52 217
53 216
51 217
52 218
53 217
53 218
53 219
54 218
52 219
53 220
54 219
54 220
54 221
55 220
53 221
54 222
55 221
55 222
55 223
56 222
54 223
55 224
56 223
56 224
56 225
57 224
55 225
56 226
57 225
57 226
57 227
58 226
56 227
57 228
58 227
58 228
58 229
59 228
57 229
58 230
59 229
59 230
59 231
60 230
58 231
59 232
60 231
60 232
60 233
61 232
59 233
60 234
61 233
61 234
61 235
62 234
60 235
61 236
62 235
62 236
62 237
63 236
61 237
62 238
63 237
63 238
63 239
64 238
64 239
64 240
65 239
65 238
66 238
65 237
66 239
67 238
66 237
67 239
68 238
67 237
68 239
69 238
68 237
69 237
69 239
71 237
69 235
70 237
69 236
70 238
70 239
71 238
71 239
71 240
72 239
72 240
70 240
72 238
74 240
72 242
73 240
72 241
73 241
74 241
73 242
74 242
75 242
74 243
75 243
76 243
75 244
74 244
76 244
75 245
74 245
76 245
75 246
74 246
76 246
75 247
76 247
77 247
76 248
75 248
77 248
76 249
75 249
77 249
76 250
75 250
77 250
76 251
77 251
78 251
77 252
76 252
78 252
77 253
76 253
78 253
77 254
76 254
78 254
77 255
76 255
78 255
77 256
78 256
79 256
78 257
77 257
79 257
78 258
76 258
77 258
79 258
78 259
77 259
79 259
78 260
79 260
80 260
79 261
78 261
80 261
79 262
78 262
80 262
79 263
78 263
80 263
79 264
80 264
81 264
80 265
79 265
81 265
80 266
79 266
81 266
80 267
79 267
81 267
80 268
81 268
82 268
81 269
80 269
82 269
81 270
80 270
82 270
81 271
80 271
82 271
81 272
80 272
82 272
81 273
80 273
82 273
81 274
80 274
82 274
81 275
80 275
79 275
80 276
79 276
78 276
79 277
78 277
77 277
78 278
77 278
79 278
78 279
77 279
76 279
77 280
76 280
76 281
75 280
77 281
76 282
75 281
77 282
76 283
75 282
77 283
76 284
75 283
77 284
76 285
75 284
75 285
76 286
77 285
75 286
76 287
77 286
75 287
74 287
75 288
74 288
73 288
74 289
73 289
72 289
73 290
72 290
71 290
72 291
71 291
72 292
73 291
71 292
70 292
71 293
70 293
69 293
70 294
69 294
68 294
69 295
68 295
67 295
68 296
67 296
66 296
67 297
66 297
65 297
66 298
65 298
64 298
65 299
64 299
63 299
64 300
63 300
62 300
63 301
62 301
61 301
62 302
61 302
62 303
63 302
61 303
60 303
61 304
60 304
59 304
60 305
59 305
58 305
59 306
58 306
57 306
58 307
57 307
56 307
57 308
56 308
58 308
56 310
56 309
55 308
55 309
55 310
54 309
57 310
56 311
57 311
58 311
57 312
58 312
59 312
58 313
59 313
60 313
59 314
60 314
59 315
58 314
60 315
61 315
60 316
61 316
62 316
61 317
60 317
62 317
61 318
60 318
62 318
61 319
60 319
59 319
60 320
59 320
58 320
59 321
58 321
57 321
58 322
57 322
59 322
58 323
57 323
56 323
57 324
56 324
55 324
56 325
55 325
54 325
55 326
54 326
56 326
55 327
54 327
53 327
54 328
53 328
52 328
53 329
52 329
51 329
54 329
52 331
52 330
51 330
50 330
51 331
50 331
51 332
50 332
52 332
51 333
50 333
52 333
51 334
50 334
52 334
51 335
50 336
49 336
50 335
51 336
50 337
49 337
51 337
50 338
49 338
51 338
50 339
49 339
48 339
49 340
48 340
50 340
49 341
48 341
50 341
49 342
48 342
50 342
49 343
48 343
47 343
48 344
47 344
49 344
48 345
47 345
49 345
48 346
47 346
49 346
48 347
47 347
46 347
47 348
46 348
48 348
47 349
46 349
48 349
47 350
46 350
48 350
47 351
48 351
49 351
48 352
49 350
50 351
49 352
50 350
50 349
51 350
51 349
52 350
51 351
52 349
52 348
53 349
53 348
53 347
54 348
54 347
55 348
54 349
55 347
55 346
56 347
56 346
57 347
56 348
57 346
57 345
58 346
58 345
59 346
58 347
59 345
59 344
60 345
60 344
61 345
60 346
61 344
61 343
62 344
62 343
63 344
62 345
63 343
63 342
64 343
64 342
65 343
64 344
65 342
65 341
66 342
66 341
67 342
66 343
67 341
67 340
68 341
68 340
69 341
68 342
69 340
69 339
70 340
70 341
71 341
70 342
71 342
72 342
71 343
72 343
73 343
72 344
73 344
74 344
73 345
74 345
75 345
74 346
75 346
76 346
75 347
76 347
77 347
76 348
75 348
77 348
76 349
75 349
77 349
76 350
75 350
74 350
75 351
74 351
76 351
75 352
74 352
76 352
75 353
74 353
73 353
74 354
73 354
75 354
74 355
73 355
72 355
73 356
72 356
74 356
73 357
72 357
74 357
73 358
72 358
71 358
72 359
71 359
73 359
72 360
71 360
70 360
71 361
70 361
72 361
71 362
70 362
72 362
71 363
70 363
69 363
70 364
69 364
71 364
70 365
69 365
68 365
69 366
68 366
70 366
69 367
68 367
70 367
69 368
68 368
67 368
68 369
67 369
69 369
68 370
67 370
66 370
67 371
66 371
68 371
67 372
66 372
68 372
67 373
66 373
65 373
66 374
65 374
67 374
66 375
65 375
64 375
65 376
64 376
66 376
65 377
64 377
66 377
65 378
64 378
63 378
64 379
63 379
65 379
64 380
63 380
62 380
63 381
62 381
64 381
63 382
62 382
64 382
63 383
62 383
61 383
62 384
61 384
63 384
62 385
61 385
60 385
61 386
60 386
62 386
61 387
60 387
62 387
61 388
60 388
59 388
60 389
59 389
61 389
60 390
59 390
58 390
59 391
58 391
60 391
59 392
58 392
60 392
59 393
58 393
57 393
58 394
57 394
59 394
58 395
57 395
56 395
57 396
56 396
58 396
57 397
56 397
58 397
57 398
56 398
55 398
56 399
