c.p
398 195
387 192
386 191
359 189
354 186
306 214
267 225
260 229
246 231
241 228
239 227
222 232
206 217
191 220
182 213
180 212
142 237
127 215
122 210
121 209
106 199
104 186
148 171
153 165
176 165
178 152
205 125
215 130
216 131
302 92
304 93
357 76
end
398 195
398 195
397 194
396 194
395 194
394 194
393 193
392 193
391 193
390 193
389 193
388 192
387 192
386 191
385 192
384 192
383 192
382 192
381 191
380 191
379 191
378 191
377 191
376 191
375 191
374 191
373 190
372 190
371 190
370 190
369 190
368 190
367 190
366 189
365 189
364 189
363 189
362 189
361 189
360 189
359 189
358 188
357 188
356 187
355 187
354 186
353 186
352 187
351 187
350 188
349 188
348 189
347 190
346 190
345 191
344 192
343 192
342 193
341 193
340 194
339 195
338 195
337 196
336 196
335 197
334 198
333 198
332 199
331 199
330 200
329 201
328 201
327 202
326 202
325 203
324 204
323 204
322 205
321 205
320 206
319 207
318 207
317 208
316 208
315 209
314 210
313 210
312 211
311 211
310 212
309 213
308 213
307 214
306 214
305 215
304 215
303 215
302 216
301 216
300 216
299 216
298 217
297 217
296 217
295 217
294 218
293 218
292 218
291 218
290 219
289 219
288 219
287 219
286 220
285 220
284 220
283 220
282 221
281 221
280 221
279 221
278 222
277 222
276 222
275 222
274 223
273 223
272 223
271 224
270 224
269 224
268 224
267 225
266 225
265 226
264 226
263 227
262 228
261 229
260 229
259 230
258 230
257 230
256 230
255 230
254 230
253 231
252 231
251 231
250 231
249 231
248 231
247 231
246 231
245 231
244 230
243 229
242 229
241 228
240 227
239 227
238 226
237 227
236 228
235 228
234 228
233 229
232 229
231 229
230 230
229 230
228 230
227 231
226 231
225 231
224 232
223 232
222 232
221 232
220 231
219 230
218 229
217 228
216 227
215 226
214 225
213 224
212 223
211 222
210 221
209 220
208 219
207 218
206 217
205 216
204 216
203 217
202 217
201 217
200 218
199 218
198 218
197 218
196 219
195 219
194 219
193 219
192 220
191 220
190 220
189 219
188 218
187 217
186 216
185 216
184 215
183 214
182 213
181 212
180 212
179 213
178 214
177 215
176 215
175 216
174 216
173 217
172 218
171 218
170 219
169 220
168 220
167 221
166 222
165 222
164 223
163 223
162 224
161 225
160 225
159 226
158 227
157 227
156 228
155 229
154 229
153 230
152 231
151 231
150 232
149 232
148 233
147 234
146 234
145 235
144 236
143 236
142 237
141 237
140 236
139 235
138 234
138 233
137 232
137 231
136 230
135 229
135 228
134 227
134 226
133 225
133 224
132 223
131 222
131 221
130 220
130 219
129 218
128 217
128 216
127 215
126 214
125 213
124 212
123 211
121 209
121 209
120 209
119 208
118 207
117 207
116 206
115 205
114 205
113 204
112 203
111 203
110 202
109 201
108 200
107 200
106 199
105 198
104 197
104 196
104 195
104 194
104 193
104 192
104 191
104 190
104 189
104 188
104 187
104 186
105 185
106 185
107 185
108 184
109 184
110 184
111 183
112 183
113 183
114 182
115 182
116 182
117 181
118 181
119 181
120 180
121 180
122 180
123 179
124 179
125 179
126 178
127 178
128 178
129 177
130 177
131 177
132 176
133 176
134 176
135 175
136 175
137 175
138 174
139 174
140 174
141 173
142 173
143 173
144 172
145 172
146 172
147 171
148 171
149 171
150 170
151 169
151 168
152 167
153 166
153 165
154 164
155 164
156 164
157 164
158 164
159 164
160 164
161 164
162 164
163 164
164 164
165 164
166 164
167 165
168 165
169 165
170 165
171 165
172 165
173 165
174 165
175 165
176 165
177 164
177 163
177 162
177 161
177 160
177 159
178 158
178 157
178 156
178 155
178 154
178 153
178 152
179 151
180 150
181 149
182 148
183 147
184 146
185 145
186 144
187 143
188 142
189 141
190 140
191 139
192 138
193 137
194 136
195 135
196 134
197 133
198 132
199 131
200 130
201 129
202 128
203 127
204 126
205 125
206 125
207 125
208 126
209 126
210 127
211 127
212 128
213 128
214 129
215 130
216 131
217 130
218 129
219 129
220 129
221 128
222 128
223 127
224 127
225 126
226 126
227 125
228 125
229 125
230 124
231 124
232 123
233 123
234 122
235 122
236 121
237 121
238 121
239 120
240 120
241 119
242 119
243 118
244 118
245 117
246 117
247 117
248 116
249 116
250 115
251 115
252 114
253 114
254 114
255 113
256 113
257 112
258 112
259 111
260 111
261 110
262 110
263 110
264 109
265 109
266 108
267 108
268 107
269 107
270 106
271 106
272 106
273 105
274 105
275 104
276 104
277 103
278 103
279 102
280 102
281 102
282 101
283 101
284 100
285 100
286 99
287 99
288 98
289 98
290 98
291 97
292 97
293 96
294 96
295 95
296 95
297 95
298 94
299 94
300 93
301 93
302 92
303 92
304 93
305 93
306 92
307 92
308 92
309 92
310 91
311 91
312 91
313 90
314 90
315 90
316 89
317 89
318 89
319 88
320 88
321 88
322 87
323 87
324 87
325 86
326 86
327 86
328 85
329 85
330 85
331 84
332 84
333 84
334 83
335 83
336 83
337 82
338 82
339 82
340 81
341 81
342 81
343 81
344 80
345 80
346 80
347 79
348 79
349 79
350 78
351 78
352 78
353 77
354 77
355 77
356 76
