c.p
242 89
329 31
331 29
end
219 0
219 1
219 2
219 3
220 4
220 5
220 6
220 7
221 8
221 9
221 10
221 11
222 12
222 13
222 14
223 15
223 16
223 17
223 18
224 19
224 20
224 21
224 22
225 23
225 24
225 25
225 26
226 27
226 28
226 29
227 30
227 31
227 32
227 33
228 34
228 35
228 36
228 37
229 38
229 39
229 40
229 41
230 42
230 43
230 44
231 45
231 46
231 47
231 48
232 49
232 50
232 51
232 52
233 53
233 54
233 55
233 56
234 57
234 58
234 59
235 60
235 61
235 62
235 63
236 64
236 65
236 66
236 67
237 68
237 69
237 70
238 71
238 72
238 73
238 74
239 75
239 76
239 77
239 78
240 79
240 80
240 81
240 82
241 83
241 84
241 85
242 86
242 87
242 88
242 89
243 90
244 90
245 89
246 88
247 87
248 87
249 86
250 85
251 85
252 84
253 83
254 83
255 82
256 81
257 81
258 80
259 79
260 78
261 78
262 77
263 76
264 76
265 75
266 74
267 74
268 73
269 72
270 72
271 71
272 70
273 69
274 69
275 68
276 67
277 67
278 66
279 65
280 65
281 64
282 63
283 63
284 62
285 61
286 61
287 60
288 59
289 58
290 58
291 57
292 56
293 56
294 55
295 54
296 54
297 53
298 52
299 52
300 51
301 50
302 49
303 49
304 48
305 47
306 47
307 46
308 45
309 45
310 44
311 43
312 43
313 42
314 41
315 40
316 40
317 39
318 38
319 38
320 37
321 36
322 36
323 35
324 34
325 34
326 33
327 32
328 32
329 31
330 30
