a
77
86
41
23
4
87
81
77
21
45
26
57
15
7
21
71
d
1
1
-1
-1
1
-1
1
-1
-1
1
1
-1
-1
-1
-1
1
1
-1
-1
1
-1
1
-1
-1
1
1
-1
-1
-1
-1
0
l
5
18
8
2
53
1
60
62
53
5
5
2
33
1
6
3
0
inc
3
3
6
1
56
2
15
22
55
5
6
3
33
0
4
w
0
0
0
0
0
0
0
0
0
0
0
0
0
0
0
0
0
0
0
0
0
0
0
0
0
0
0
0
0
0
0
0
0
0
0
0
0
0
0
0
0
0
0
0
1
1
2
3
3
4
5
5
5
5
5
5
5
5
5
5
5
6
6
6
6
6
6
6
4
4
4
4
4
4
4
4
5
5
5
5
5
5
5
5
5
5
4
4
4
4
4
4
4
4
4
4
5
5
4
4
4
4
4
4
5
4
4
4
4
4
5
4
4
4
4
4
4
4
4
4
4
4
4
4
4
4
4
4
4
4
4
5
5
5
5
5
6
6
6
6
6
6
6
6
6
6
6
6
6
6
6
6
6
6
6
6
6
6
6
6
6
6
4
2
0
0
0
0
0
0
0
0
0
0
0
0
0
0
0
0
0
0
0
0
0
0
0
0
0
0
0
0
0
0
0
0
0
0
0
0
0
0
0
0
0
0
0
0
0
0
0
0
0
0
0
0
0
0
0
0
0
0
0
0
0
0
0
0
0
0
0
0
0
0
0
0
0
0
0
0
0
0
0
0
0
0
0
0
0
0
0
0
0
0
0
0
0
0
0
0
0
