c.p
41 129
51 125
75 134
121 134
122 135
131 127
174 174
214 150
225 153
226 154
229 153
233 139
245 139
246 140
255 135
257 135
262 131
284 131
290 134
291 135
312 121
323 128
324 130
end
41 129
41 129
42 128
43 128
44 128
45 127
46 127
47 127
48 126
49 126
50 126
51 125
52 125
53 125
54 126
55 126
56 127
57 127
58 127
59 128
60 128
61 129
62 129
63 129
64 130
65 130
66 131
67 131
68 132
69 132
70 132
71 133
72 133
73 134
74 134
75 134
76 135
77 135
78 135
79 135
80 135
81 135
82 135
83 135
84 135
85 135
86 135
87 135
88 135
89 135
90 135
91 135
92 135
93 135
94 134
95 134
96 134
97 134
98 134
99 134
100 134
101 134
102 134
103 134
104 134
105 134
106 134
107 134
108 134
109 134
110 134
111 134
112 134
113 134
114 134
115 134
116 134
117 134
118 134
119 134
120 134
121 134
122 135
123 134
124 133
125 132
126 131
127 130
128 130
129 129
130 128
131 127
132 126
133 127
134 128
135 129
136 130
137 131
138 132
139 133
140 134
140 135
141 136
142 137
143 138
144 139
145 140
146 141
146 142
147 143
148 144
149 145
150 146
151 147
152 148
152 149
153 150
154 151
155 152
156 153
157 154
158 155
158 156
159 157
160 158
161 159
162 160
163 161
164 162
164 163
165 164
166 165
167 166
168 167
169 168
170 169
170 170
171 171
172 172
173 173
174 174
175 175
176 175
177 174
178 174
179 173
180 172
181 172
182 171
183 170
184 170
185 169
186 168
187 168
188 167
189 166
190 166
191 165
192 164
193 164
194 163
195 162
196 162
197 161
198 160
199 160
200 159
201 158
202 158
203 157
204 156
205 156
206 155
207 154
208 154
209 153
210 152
211 152
212 151
213 150
214 150
215 149
216 149
217 150
218 150
219 150
220 151
221 151
222 152
223 152
224 153
225 153
226 154
227 153
228 153
229 153
230 152
230 151
231 150
231 149
231 148
231 147
231 146
232 145
232 144
232 143
232 142
232 141
233 140
233 139
234 138
235 138
236 138
237 139
238 139
239 139
240 139
241 139
242 139
243 139
244 139
245 139
246 140
247 139
248 138
249 138
250 137
251 137
252 136
253 136
254 135
255 135
256 135
257 135
258 135
259 134
260 133
261 132
262 131
263 130
264 130
265 130
266 130
267 130
268 130
269 130
270 130
271 130
272 130
273 130
274 130
275 130
276 130
277 130
278 130
279 131
280 131
281 131
282 131
283 131
284 131
285 131
286 131
287 132
288 132
289 133
290 134
291 135
292 134
293 133
294 132
295 132
296 131
297 130
298 130
299 129
300 129
301 128
302 127
303 127
304 126
305 125
306 125
307 124
308 124
309 123
310 122
311 122
312 121
313 121
314 122
315 122
316 123
317 124
318 125
319 125
320 126
321 127
322 127
323 128
324 129
