c.p
10 121
4 110
32 98
35 107
51 126
62 125
63 121
77 105
99 60
140 66
188 105
194 107
215 140
179 228
191 241
259 269
260 270
269 308
270 310
348 310
358 261
346 222
350 218
354 207
333 166
349 145
340 133
end
10 121
10 121
9 120
9 119
8 118
7 117
7 116
6 115
6 114
5 113
5 112
4 111
4 110
5 109
6 109
7 108
8 108
9 107
10 107
11 106
12 106
13 106
14 105
15 105
16 104
17 104
18 103
19 103
20 103
21 102
22 102
23 101
24 101
25 100
26 100
27 100
28 99
29 99
30 98
31 98
32 98
33 99
33 100
34 101
34 102
34 103
34 104
35 105
35 106
35 107
36 108
37 109
38 110
39 111
39 112
40 113
41 114
42 115
43 116
43 117
44 118
45 119
46 120
47 121
47 122
48 123
49 124
50 125
51 126
52 127
53 127
54 127
55 127
56 126
57 126
58 126
59 126
60 126
61 125
62 125
63 124
63 123
63 122
63 121
64 120
65 119
65 118
66 117
67 116
68 115
69 114
70 113
71 112
72 111
73 110
74 109
75 108
75 107
76 106
77 105
78 104
78 103
79 102
79 101
80 100
80 99
81 98
81 97
82 96
82 95
83 94
83 93
84 92
84 91
85 90
85 89
86 88
86 87
87 85
87 85
87 84
88 83
88 82
89 81
89 80
90 79
90 78
91 77
91 76
92 75
92 74
93 73
93 72
94 71
94 70
95 69
95 68
96 67
96 66
96 65
97 64
97 63
98 62
98 61
99 60
100 59
101 59
102 60
103 60
104 60
105 60
106 60
107 60
108 61
109 61
110 61
111 61
112 61
113 61
114 61
115 62
116 62
117 62
118 62
119 62
120 62
121 63
122 63
123 63
124 63
125 63
126 63
127 64
128 64
129 64
130 64
131 64
132 64
133 65
134 65
135 65
136 65
137 65
138 65
139 66
140 66
141 66
142 67
143 68
144 69
145 69
146 70
147 71
148 72
149 73
150 74
151 74
152 75
153 76
154 77
155 78
156 79
157 79
158 80
159 81
160 82
161 83
162 83
163 84
164 85
165 86
166 87
167 88
168 88
169 89
170 90
171 91
172 92
173 92
174 93
175 94
176 95
177 96
178 97
179 97
180 98
181 99
182 100
183 101
184 101
185 102
186 103
187 104
188 105
189 106
190 106
191 106
192 107
193 107
194 107
195 108
196 109
197 110
198 111
198 112
199 113
200 114
200 115
201 116
201 117
202 118
203 119
203 120
204 121
204 122
205 123
206 124
206 125
207 126
208 127
208 128
209 129
209 130
210 131
211 132
211 133
212 134
212 135
213 136
214 137
214 138
215 139
215 140
215 141
214 142
214 143
214 144
213 145
213 146
212 147
212 148
212 149
211 150
211 151
210 152
210 153
209 154
209 155
209 156
208 157
208 158
207 159
207 160
207 161
206 162
206 163
205 164
205 165
204 166
204 167
204 168
203 169
203 170
202 171
202 172
202 173
201 174
201 175
200 176
200 177
200 178
199 179
199 180
198 181
198 182
197 183
197 184
197 185
196 186
196 187
195 188
195 189
195 190
194 191
194 192
193 193
193 194
192 195
192 196
192 197
191 198
191 199
190 200
190 201
190 202
189 203
189 204
188 205
188 206
187 207
187 208
187 209
186 210
186 211
185 212
185 213
185 214
184 215
184 216
183 217
183 218
183 219
182 220
182 221
181 222
181 223
180 224
180 225
180 226
179 227
179 228
179 229
180 230
181 231
182 232
183 233
184 234
185 235
186 236
187 237
188 238
189 239
190 240
191 241
192 242
193 242
194 242
195 243
196 243
197 244
198 244
199 244
200 245
201 245
202 246
203 246
204 246
205 247
206 247
207 248
208 248
209 248
210 249
211 249
212 250
213 250
214 250
215 251
216 251
217 252
218 252
219 253
220 253
221 253
222 254
223 254
224 255
225 255
227 256
227 256
228 256
229 257
230 257
231 257
232 258
233 258
234 259
235 259
236 259
237 260
238 260
239 261
240 261
241 261
242 262
243 262
244 263
245 263
246 263
247 264
248 264
249 265
250 265
251 266
252 266
253 266
254 267
255 267
256 268
257 268
258 268
259 269
260 270
261 270
262 271
262 272
262 273
262 274
263 275
263 276
263 277
263 278
263 279
264 280
264 281
264 282
264 283
264 284
265 285
265 286
265 287
265 288
265 289
266 290
266 291
266 292
266 293
266 294
267 295
267 296
267 297
267 298
267 299
268 300
268 301
268 302
268 303
268 304
269 305
269 306
269 307
269 308
270 309
270 310
271 311
272 311
273 311
274 311
275 311
276 311
277 311
278 311
279 311
280 311
281 311
282 311
283 311
284 311
285 311
286 311
287 311
288 311
289 311
290 311
291 311
292 311
293 311
294 311
295 311
296 311
297 311
298 311
299 311
300 311
301 311
302 311
303 311
304 311
305 311
306 311
307 311
308 311
309 311
310 311
311 311
312 311
313 311
315 310
315 310
316 310
317 310
318 310
319 310
320 310
321 310
322 310
323 310
324 310
325 310
326 310
327 310
328 310
329 310
330 310
331 310
332 310
333 310
334 310
335 310
336 310
337 310
338 310
339 310
340 310
341 310
342 310
343 310
344 310
345 310
346 310
347 310
348 310
349 309
349 308
349 307
349 306
350 305
350 304
350 303
350 302
350 301
350 300
351 299
351 298
351 297
351 296
351 295
352 294
352 293
352 292
352 291
352 290
353 289
353 288
353 287
353 286
353 285
353 284
354 283
354 282
354 281
354 280
354 279
355 278
355 277
355 276
355 275
355 274
356 273
356 272
356 271
356 270
356 269
357 268
357 267
357 266
357 265
357 264
357 263
358 262
358 261
358 260
357 259
357 258
357 257
356 256
356 255
356 254
356 253
355 252
355 251
355 250
354 249
354 248
354 247
353 246
353 245
353 244
352 243
352 242
352 241
352 240
351 239
351 238
351 237
350 236
350 235
350 234
349 233
349 232
349 231
348 230
348 229
348 228
347 227
347 226
347 225
347 224
346 223
346 222
347 221
348 220
349 219
350 218
351 217
351 216
351 215
351 214
352 213
352 212
352 211
353 210
353 209
353 208
354 207
353 206
353 205
352 204
352 203
351 202
351 201
350 200
350 199
349 198
349 197
348 196
348 195
347 194
347 193
346 192
346 191
345 190
345 189
344 188
344 187
343 186
343 185
342 184
342 183
341 182
341 181
340 180
340 179
339 178
339 177
338 176
338 175
337 174
337 173
336 172
336 171
335 170
335 169
334 168
334 167
333 166
333 165
334 164
335 163
336 162
336 161
337 160
338 159
339 158
340 157
340 156
341 155
342 154
343 153
344 152
344 151
345 150
346 149
347 148
348 147
348 146
349 145
350 144
349 143
348 142
347 141
346 140
345 139
344 138
343 137
342 136
341 135
340 134
