c.p
526 370
543 137
557 120
554 110
575 102
598 96
603 102
620 144
626 145
659 151
664 152
683 183
688 212
686 228
694 236
713 257
736 291
end
499 399
499 398
500 397
501 396
501 395
502 394
502 393
503 392
503 391
504 390
505 389
505 388
506 387
506 386
507 385
508 385
509 384
510 383
511 382
512 381
513 381
514 380
515 379
516 378
517 378
518 377
519 376
520 375
521 375
522 374
523 373
524 372
525 371
526 370
527 369
527 368
527 367
528 366
529 365
529 364
530 363
531 362
531 361
532 360
533 359
534 358
534 357
535 356
536 355
536 354
537 353
538 352
539 351
539 350
540 349
541 348
541 347
542 346
543 345
544 344
544 343
545 342
546 341
546 340
547 339
548 338
549 337
549 336
550 335
551 334
551 333
552 332
552 331
552 330
552 329
552 328
552 327
552 326
552 325
552 324
552 323
552 322
551 321
551 320
551 319
551 318
551 317
551 316
552 315
553 314
553 313
554 312
555 311
556 310
557 309
558 308
559 307
560 306
560 305
560 304
560 303
560 302
560 301
559 300
559 299
559 298
559 297
559 296
559 295
559 294
558 293
558 292
557 291
556 290
556 289
555 288
554 287
554 286
553 285
552 284
552 283
551 282
550 281
550 280
549 279
549 278
549 277
550 276
551 275
551 274
552 273
553 272
553 271
554 270
555 269
555 268
556 267
557 266
557 265
558 264
559 263
559 262
560 261
561 260
561 259
562 258
563 257
563 256
564 255
565 254
565 253
566 252
567 251
567 250
568 249
569 248
569 247
570 246
571 245
571 244
572 243
573 242
573 241
574 240
575 239
576 238
577 238
578 237
579 236
580 236
581 235
582 234
583 233
584 233
585 232
586 231
587 230
586 229
586 228
586 227
586 226
586 225
585 224
585 223
585 222
585 221
585 220
584 219
584 218
584 217
584 216
584 215
583 214
583 213
583 212
583 211
583 210
582 209
582 208
582 207
582 206
582 205
581 204
581 203
581 202
581 201
581 200
580 199
580 198
580 197
580 196
580 195
579 194
579 193
579 192
579 191
579 190
580 189
580 188
581 187
582 186
582 185
583 184
584 183
584 182
585 181
586 180
586 179
587 178
588 177
589 176
589 175
590 174
591 173
591 172
592 171
593 170
593 169
594 168
595 167
596 166
596 165
597 164
598 163
598 162
599 161
600 160
600 159
600 158
599 157
598 156
597 155
596 154
595 153
594 153
593 152
592 151
591 150
590 149
589 149
588 150
587 150
586 149
585 149
584 149
582 148
582 148
581 148
580 148
579 147
578 147
577 147
576 146
575 146
574 146
573 146
572 145
571 145
570 145
569 144
568 144
567 144
566 144
565 143
564 143
563 143
562 142
561 142
560 142
559 142
558 141
557 141
556 141
555 140
554 140
553 140
552 140
551 139
550 139
549 139
548 138
547 138
546 138
545 138
544 137
543 137
542 136
543 135
544 134
545 133
546 132
547 131
548 130
549 129
550 128
550 127
551 126
552 125
553 124
554 123
555 122
556 121
557 120
558 119
557 118
557 117
556 116
556 115
555 114
555 113
554 112
554 111
554 110
555 109
556 108
557 108
558 108
559 107
560 107
561 107
562 106
563 106
564 106
565 105
566 105
567 105
568 104
569 104
570 104
571 103
572 103
573 103
574 102
575 102
576 102
577 101
578 101
579 101
580 101
581 100
582 100
583 100
584 100
585 99
586 99
587 99
588 99
589 98
590 98
591 98
592 98
593 97
594 97
595 97
596 97
597 96
598 96
599 97
600 98
601 99
602 100
603 101
603 102
604 103
604 104
605 105
605 106
606 107
606 108
606 109
607 110
607 111
608 112
608 113
608 114
609 115
609 116
610 117
610 118
610 119
611 120
611 121
612 122
612 123
612 124
613 125
613 126
614 127
614 128
614 129
615 130
615 131
615 132
616 133
616 134
617 135
617 136
617 137
618 138
618 139
619 140
619 141
619 142
620 143
620 144
621 145
622 145
623 145
624 145
625 145
626 145
627 145
628 145
629 146
630 146
631 146
632 146
633 146
634 146
635 147
636 147
637 147
638 147
639 147
640 148
641 148
642 148
643 148
644 148
645 148
646 149
647 149
648 149
649 149
650 149
651 150
652 150
653 150
654 150
655 150
656 150
657 151
658 151
659 151
660 151
661 151
662 152
663 152
664 152
665 153
666 154
667 155
667 156
668 157
669 158
669 159
670 160
670 161
671 162
671 163
672 164
673 165
673 166
674 167
674 168
675 169
675 170
676 171
677 172
677 173
678 174
678 175
679 176
679 177
680 178
680 179
681 180
682 181
682 182
683 183
683 184
683 185
683 186
684 187
684 188
684 189
684 190
684 191
684 192
685 193
685 194
685 195
685 196
685 197
685 198
686 199
686 200
686 201
686 202
686 203
686 204
687 205
687 206
687 207
687 208
687 209
687 210
688 211
688 212
688 213
688 214
688 215
688 216
688 217
687 218
687 219
687 220
687 221
687 222
687 223
687 224
687 225
687 226
686 227
686 228
687 229
688 230
689 231
690 232
691 233
692 234
693 235
694 236
695 237
696 238
697 239
698 240
699 241
700 242
701 243
702 244
703 245
704 246
705 247
705 248
706 249
707 250
708 251
709 252
710 253
711 254
711 255
712 256
713 257
714 258
714 259
715 260
716 261
716 262
717 263
718 264
718 265
719 266
720 267
720 268
721 269
722 270
722 271
723 272
724 273
724 274
725 275
726 276
727 277
727 278
728 279
729 280
729 281
730 282
731 283
731 284
732 285
733 286
733 287
734 288
735 289
735 290
736 291
737 292
737 293
737 294
737 295
737 296
737 297
737 298
737 299
737 300
736 301
736 302
736 303
736 304
736 305
736 306
736 307
736 308
736 309
736 310
736 311
736 312
736 313
