c.p
385 1
320 56
288 64
281 64
257 59
223 124
223 128
206 148
191 156
178 174
193 207
163 239
162 239
123 249
122 250
117 257
99 266
84 267
77 279
71 286
64 301
66 304
65 303
64 302
47 272
43 271
10 228
5 191
0 190
end
385 1
385 1
384 1
383 2
382 3
381 4
380 5
379 6
378 7
377 7
376 8
375 9
374 10
373 11
372 12
371 13
370 13
369 14
368 15
367 16
366 17
365 18
364 19
363 19
362 20
361 21
360 22
359 23
358 24
357 24
356 25
355 26
354 27
353 28
352 29
351 30
350 30
349 31
348 32
347 33
346 34
345 35
344 36
343 36
342 37
341 38
340 39
339 40
338 41
337 42
336 42
335 43
334 44
333 45
332 46
331 47
330 48
329 48
328 49
327 50
326 51
325 52
324 53
323 53
322 54
321 55
320 56
319 56
318 57
317 57
316 57
315 57
314 58
313 58
312 58
311 58
310 59
309 59
308 59
307 59
306 60
305 60
304 60
303 60
302 60
301 61
300 61
299 61
298 61
297 62
296 62
295 62
294 62
293 63
292 63
291 63
290 63
289 63
288 64
287 64
286 64
285 64
284 64
283 64
282 64
281 64
280 63
279 63
278 63
277 63
276 63
275 62
274 62
273 62
272 62
271 62
270 61
269 61
268 61
267 61
266 61
265 60
264 60
263 60
262 60
261 60
260 59
259 59
258 59
257 59
256 60
256 61
255 62
255 63
254 64
254 65
253 66
253 67
252 68
252 69
251 70
251 71
250 72
250 73
249 74
249 75
248 76
248 77
247 78
247 79
246 80
246 81
245 82
244 83
244 84
243 85
243 86
242 87
242 88
241 89
241 90
240 91
240 92
239 93
239 94
238 95
238 96
237 97
237 98
236 99
236 100
235 101
235 102
234 103
234 104
233 105
233 106
232 107
232 108
231 109
230 110
230 111
229 112
229 113
228 114
228 115
227 116
227 117
226 118
226 119
225 120
225 121
224 122
224 123
223 124
223 125
223 126
223 127
223 128
223 129
222 130
221 131
220 132
219 133
218 134
217 135
217 136
216 137
215 138
214 139
213 140
212 141
211 142
210 143
209 144
208 145
208 146
207 147
206 148
205 149
204 149
203 150
202 150
201 151
200 151
199 152
198 152
197 153
196 153
195 154
194 154
193 155
192 155
191 156
190 157
189 158
188 159
188 160
187 161
186 162
186 163
185 164
184 165
184 166
183 167
182 168
182 169
181 170
180 171
180 172
179 173
178 174
178 175
178 176
179 177
179 178
180 179
180 180
180 181
181 182
181 183
182 184
182 185
183 186
183 187
184 188
184 189
185 190
185 191
186 192
186 193
187 194
187 195
188 196
188 197
188 198
189 199
189 200
190 201
190 202
191 203
191 204
192 205
192 206
193 207
193 208
192 209
191 210
190 211
189 212
188 213
187 214
186 215
185 216
184 217
183 218
182 219
182 220
181 221
180 222
179 223
178 224
177 225
176 226
175 227
174 228
173 229
172 230
171 231
170 232
169 233
168 234
167 235
166 236
165 237
164 238
163 239
162 239
161 240
160 240
159 240
158 241
157 241
156 241
155 241
154 242
153 242
152 242
151 242
150 243
149 243
148 243
147 243
146 244
145 244
144 244
143 244
142 245
141 245
140 245
139 245
138 245
137 246
136 246
135 246
134 246
133 247
132 247
131 247
130 247
129 248
128 248
127 248
126 248
125 249
124 249
123 249
122 250
121 251
121 252
120 253
119 254
119 255
118 256
117 257
116 258
115 258
114 259
113 259
112 260
111 260
110 261
109 261
108 261
107 262
106 262
105 263
104 263
103 264
102 264
101 265
100 265
99 266
98 266
97 266
96 266
95 266
94 266
93 266
92 266
91 267
90 267
89 267
88 267
87 267
86 267
85 267
84 267
83 268
82 269
82 270
81 271
81 272
80 273
80 274
79 275
79 276
78 277
77 278
77 279
76 280
75 281
75 282
74 283
73 284
72 285
71 286
70 287
70 288
69 289
69 290
69 291
68 292
68 293
67 294
67 295
66 296
66 297
66 298
65 299
65 300
64 301
65 302
66 303
65 303
65 303
64 302
63 301
62 300
62 299
61 298
61 297
60 296
60 295
59 294
58 293
58 292
57 291
57 290
56 289
56 288
55 287
55 286
54 285
53 284
53 283
52 282
52 281
51 280
51 279
50 278
50 277
49 276
48 275
48 274
47 273
47 272
46 271
45 271
44 271
43 271
42 270
41 269
40 268
39 267
39 266
38 265
37 264
36 263
36 262
35 261
34 260
33 259
33 258
32 257
31 256
30 255
30 254
29 253
28 252
27 251
27 250
26 249
25 248
24 247
24 246
23 245
22 244
21 243
21 242
20 241
19 240
18 239
18 238
17 237
16 236
15 235
15 234
14 233
13 232
12 231
12 230
11 229
10 228
9 227
9 226
9 225
9 224
9 223
8 222
8 221
8 220
8 219
8 218
8 217
8 216
8 215
7 214
7 213
7 212
7 211
7 210
7 209
7 208
7 207
6 206
6 205
6 204
6 203
6 202
6 201
6 200
6 199
5 198
5 197
5 196
5 195
5 194
5 193
5 192
5 191
4 190
3 190
2 190
1 190
