c.p
209 1
211 28
227 43
219 103
222 121
212 135
222 153
200 181
197 192
199 203
182 217
181 218
178 220
149 195
125 165
79 141
85 111
84 84
53 38
49 35
0 61
end
209 1
209 1
209 2
209 3
209 4
209 5
209 6
209 7
209 8
209 9
209 10
209 11
210 12
210 13
210 14
210 15
210 16
210 17
210 18
210 19
210 20
210 21
210 22
211 23
211 24
211 25
211 26
211 27
211 28
212 29
213 30
214 31
215 32
216 33
217 34
218 35
219 36
220 37
221 38
222 39
223 39
224 40
225 41
226 42
227 43
228 44
228 45
228 46
227 47
227 48
227 49
227 50
227 51
227 52
227 53
226 54
226 55
226 56
226 57
226 58
226 59
226 60
225 61
225 62
225 63
225 64
225 65
225 66
225 67
224 68
224 69
224 70
224 71
224 72
224 73
224 74
223 75
223 76
223 77
223 78
223 79
223 80
223 81
222 82
222 83
222 84
222 85
222 86
222 87
221 88
221 89
221 90
221 91
221 92
221 93
221 94
220 95
220 96
220 97
220 98
220 99
220 100
220 101
219 102
219 103
219 104
219 105
220 106
220 107
220 108
220 109
220 110
220 111
221 112
221 113
221 114
221 115
221 116
221 117
222 118
222 119
222 120
222 121
222 122
222 123
221 124
220 125
219 126
218 127
217 128
217 129
216 130
215 131
214 132
213 133
212 134
212 135
211 136
211 137
212 138
213 139
213 140
214 141
215 142
215 143
216 144
217 145
217 146
218 147
219 148
219 149
220 150
220 151
221 152
222 153
222 154
221 155
221 156
220 157
219 158
218 159
217 160
216 161
216 162
215 163
214 164
213 165
212 166
211 167
211 168
210 169
209 170
208 171
207 172
206 173
206 174
205 175
204 176
203 177
202 178
201 179
201 180
200 181
199 182
199 183
198 184
198 185
198 186
198 187
198 188
197 189
197 190
197 191
197 192
197 193
197 194
197 195
197 196
198 197
198 198
198 199
198 200
199 201
199 202
199 203
199 204
198 205
197 206
196 206
195 207
194 208
193 209
192 209
191 210
190 211
189 212
188 212
187 213
186 214
185 215
184 216
183 216
181 218
181 218
180 219
179 219
178 220
177 220
176 220
175 219
174 218
173 217
172 216
171 215
170 214
169 213
168 212
167 211
166 210
165 209
164 208
163 208
162 207
161 206
160 205
159 204
158 203
157 202
156 201
155 200
154 199
153 198
152 197
151 196
150 196
149 195
148 194
147 193
146 192
145 191
144 190
144 189
143 188
142 187
141 186
140 185
140 184
139 183
138 182
137 181
136 180
136 179
135 178
134 177
133 176
133 175
132 174
131 173
130 172
129 171
129 170
128 169
127 168
126 167
125 166
125 165
124 164
123 163
122 163
121 162
120 162
119 161
118 161
117 160
116 160
115 159
114 159
113 158
112 158
111 157
110 157
109 156
108 156
107 155
106 154
105 154
104 153
103 153
102 152
101 152
100 151
99 151
98 150
97 150
96 149
95 149
94 148
93 148
92 147
91 147
90 146
89 146
88 145
87 145
86 144
85 144
84 143
83 143
82 142
81 142
80 141
79 141
78 140
78 139
78 138
78 137
79 136
79 135
79 134
80 133
80 132
80 131
80 130
81 129
81 128
81 127
81 126
82 125
82 124
82 123
82 122
83 121
83 120
83 119
84 118
84 117
84 116
84 115
85 114
85 113
85 112
85 111
85 110
85 109
85 108
85 107
85 106
85 105
85 104
85 103
85 102
85 101
85 100
85 99
85 98
85 97
85 96
85 95
85 94
85 93
85 92
84 91
84 90
84 89
84 88
84 87
84 86
84 85
84 84
84 83
83 82
82 81
82 80
81 79
80 78
79 77
79 76
78 75
77 74
77 73
76 72
75 71
75 70
74 69
73 68
73 67
72 66
71 65
71 64
70 63
69 62
69 61
68 60
67 59
66 58
66 57
65 56
64 55
64 54
63 53
62 52
62 51
61 50
60 49
60 48
59 47
58 46
58 45
57 44
56 43
56 42
55 41
54 40
53 39
53 38
52 37
51 36
50 35
49 35
48 35
47 36
46 36
45 37
44 37
43 38
42 39
41 39
40 40
39 40
38 41
37 41
36 42
35 42
34 43
33 43
32 44
31 44
30 45
29 46
28 46
27 47
26 47
25 48
24 48
23 49
22 49
21 50
20 50
19 51
18 51
17 52
16 53
15 53
14 54
13 54
12 55
11 55
10 56
9 56
8 57
7 57
6 58
5 58
4 59
3 59
2 60
1 61
