t.p
14 153
17 153
22 142
26 141
39 135
38 128
46 119
49 117
50 116
52 115
60 107
62 103
62 93
64 89
79 69
94 61
95 61
100 58
128 61
140 61
171 79
172 80
203 73
214 95
216 98
217 99
219 103
248 131
250 132
263 127
266 128
267 129
273 125
273 121
274 116
248 85
247 84
226 59
231 52
277 95
282 98
283 99
291 102
294 110
295 111
300 118
309 117
310 123
314 126
315 127
318 130
318 139
323 142
324 143
324 149
328 155
328 159
333 165
334 166
end
14 153
15 153
16 153
17 153
17 152
17 151
18 151
18 150
18 149
19 149
19 148
19 147
19 146
19 145
20 145
20 144
20 143
21 143
21 142
22 142
22 141
23 141
24 141
25 141
26 141
26 140
27 140
28 140
29 140
29 139
30 139
31 139
32 139
32 138
33 138
34 138
34 137
35 137
36 137
36 136
37 136
38 136
38 135
39 135
39 134
39 133
39 132
38 132
38 131
38 130
38 129
37 129
37 128
38 128
38 127
38 126
39 126
39 125
39 124
40 124
40 123
41 123
41 122
42 122
42 121
43 121
43 120
44 120
44 119
45 119
46 119
46 118
47 118
47 117
48 117
49 117
49 116
50 116
50 115
51 115
52 115
52 114
53 114
53 113
54 113
54 112
55 112
55 111
56 111
56 110
57 110
57 109
58 109
58 108
59 108
59 107
60 107
60 106
60 105
61 105
61 104
61 103
62 103
62 102
62 101
62 100
62 99
62 98
61 97
61 96
61 95
61 94
61 93
62 93
62 92
62 91
62 90
63 90
63 89
64 89
64 88
64 87
65 87
65 86
65 85
66 85
66 84
67 84
67 83
67 82
68 82
68 81
69 81
69 80
69 79
70 79
70 78
71 78
71 77
71 76
72 76
72 75
73 75
73 74
74 74
74 73
75 73
75 72
76 71
76 70
77 70
77 69
78 69
79 69
79 68
80 68
80 67
81 67
81 66
82 66
83 66
83 65
84 65
85 64
86 64
86 63
87 63
88 63
88 62
89 62
90 62
91 62
91 61
92 61
93 61
94 61
94 60
95 61
95 60
96 60
96 59
97 59
97 58
98 58
99 58
100 58
100 57
101 57
102 57
103 57
104 57
105 57
106 57
107 57
107 58
108 58
109 58
110 58
111 58
112 58
113 58
114 58
114 59
115 59
116 59
117 59
118 59
119 59
120 59
120 60
121 60
122 60
123 60
124 60
125 60
126 60
127 60
128 61
129 61
130 61
130 60
131 60
132 60
133 60
134 60
135 60
136 60
137 60
138 60
139 60
140 61
141 61
142 61
142 62
143 62
144 62
145 62
145 63
146 63
147 64
148 64
149 65
150 65
150 66
151 66
152 66
152 67
153 67
154 67
154 68
155 68
156 69
157 69
157 70
158 70
159 70
159 71
160 71
160 72
161 72
162 72
162 73
163 73
163 74
164 74
165 74
165 75
166 75
166 76
167 76
168 76
168 77
169 77
169 78
170 78
171 79
172 80
173 80
173 79
174 79
175 79
176 79
177 79
177 78
178 78
179 78
179 77
180 77
181 77
182 77
182 76
183 76
184 76
185 76
185 75
186 75
187 75
188 74
189 74
190 74
191 74
191 73
192 73
193 73
194 73
195 72
196 72
197 72
198 72
199 72
200 72
201 72
202 72
203 73
204 73
204 74
205 74
205 75
206 75
206 76
206 77
207 77
207 78
208 79
208 80
208 81
209 81
209 82
209 83
210 83
210 84
210 85
210 86
211 86
211 87
211 88
211 89
212 89
212 90
212 91
212 92
213 92
213 93
213 94
214 94
214 95
214 96
215 96
215 97
216 98
217 99
217 100
217 101
218 101
218 102
219 102
219 103
219 104
220 104
220 105
221 105
221 106
222 106
222 107
223 107
223 108
224 108
224 109
225 109
225 110
226 110
226 111
227 111
227 112
228 112
228 113
229 113
229 114
230 114
230 115
231 115
231 116
232 116
232 117
233 117
233 118
234 118
234 119
235 119
235 120
236 120
236 121
237 121
237 122
238 122
238 123
239 123
239 124
240 124
241 125
242 126
243 126
243 127
244 127
244 128
245 128
245 129
246 129
246 130
247 130
248 131
249 131
250 132
250 131
251 131
252 131
253 131
253 130
254 130
255 130
255 129
256 129
257 129
257 128
258 128
259 128
259 127
260 127
261 127
262 127
263 127
263 126
264 127
265 127
266 128
267 129
267 128
268 128
269 128
269 127
270 127
271 127
271 126
272 126
272 125
273 125
273 124
273 123
273 122
273 121
272 121
273 120
273 119
273 118
274 118
274 117
274 116
273 115
273 114
273 113
272 113
272 112
271 112
271 111
271 110
270 110
270 109
269 109
269 108
268 108
268 107
267 106
267 105
266 105
266 104
265 104
265 103
264 103
264 102
263 101
262 100
262 99
261 99
261 98
260 98
260 97
259 97
259 96
258 96
258 95
257 95
257 94
256 94
256 93
255 93
255 92
254 92
254 91
253 91
253 90
252 90
252 89
251 89
251 88
250 88
250 87
249 87
249 86
248 86
248 85
247 84
246 83
246 82
245 82
244 81
243 80
242 80
242 79
241 79
241 78
240 78
240 77
239 77
239 76
238 76
238 75
237 75
237 74
236 74
236 73
235 73
235 72
234 72
234 71
233 70
233 69
232 69
232 68
231 68
231 67
230 67
230 66
229 66
229 65
228 64
228 63
227 63
227 62
226 61
226 60
226 59
225 58
226 58
226 57
226 56
226 55
227 55
227 54
227 53
228 53
228 52
229 52
230 52
231 52
231 51
232 52
233 52
234 52
234 53
235 53
235 54
236 54
237 54
237 55
238 55
238 56
239 56
239 57
240 57
240 58
241 58
241 59
242 59
243 60
244 60
244 61
245 61
245 62
246 63
247 63
247 64
248 65
249 66
250 67
251 68
252 69
252 70
253 70
254 71
254 72
255 72
255 73
256 73
256 74
257 74
257 75
258 75
258 76
259 76
259 77
260 77
260 78
261 78
261 79
262 79
262 80
263 80
263 81
264 82
265 83
265 84
266 84
267 85
267 86
268 86
268 87
269 87
269 88
270 88
270 89
271 89
271 90
272 90
272 91
273 91
273 92
274 92
274 93
275 93
275 94
276 94
277 95
278 95
278 96
279 96
280 96
280 97
281 97
282 98
283 99
284 99
285 99
286 99
286 100
287 100
288 100
289 100
289 101
290 101
291 101
291 102
291 103
292 103
292 104
292 105
292 106
293 106
293 107
293 108
293 109
294 110
295 111
295 112
296 112
296 113
296 114
297 114
297 115
297 116
298 116
298 117
299 117
300 118
301 118
302 118
302 117
303 117
304 117
305 117
306 117
306 116
307 116
308 116
309 117
309 118
309 119
309 120
309 121
309 122
310 123
310 124
311 124
312 124
312 125
313 125
314 126
315 127
316 127
316 128
317 128
317 129
318 130
318 131
318 132
318 133
317 133
317 134
317 135
317 136
317 137
317 138
318 139
319 139
319 140
320 140
321 141
322 141
323 142
324 143
324 144
324 145
323 145
323 146
323 147
323 148
324 149
324 150
325 150
325 151
325 152
326 152
326 153
327 153
327 154
328 155
328 156
327 156
327 157
327 158
328 159
328 160
329 160
329 161
330 161
330 162
331 162
331 163
332 163
332 164
333 165
334 166
335 167
336 168
337 169
338 170
339 171
